100
50
0
0
0
0
0
0
0
0
0
0
0
0
0
1
1
1
1
1
1
1
1
1
1
1
1
1
1
1
1
1
1
1
1
1
1
1
1
1
0
0
0
0
0
0
0
0
0
0
0
0
0
0
0
0
0
0
0
0
0
0
0
0
0
0
0
0
0
0
0
0
0
0
0
0
0
0
0
0
0
0
0
0
0
0
0
0
0
0
0
0
0
0
0
0
0
0
0
0
0
0
   0
   0
   0
   0
   0
   0
   0
   0
   0
   0
   0
   0
   0
0.01
   1
   1
   1
   1
   1
   1
   1
   1
   1
   1
   1
   1
   1
   1
   1
   1
   1
   1
   1
   1
   1
   1
   1
   1
0.99
   0
   0
   0
   0
   0
   0
   0
   0
   0
   0
   0
   0
   0
   0
   0
   0
   0
   0
   0
   0
   0
   0
   0
   0
   0
   0
   0
   0
   0
   0
   0
   0
   0
   0
   0
   0
   0
   0
   0
   0
   0
   0
   0
   0
   0
   0
   0
   0
   0
   0
   0
   0
   0
   0
   0
   0
   0
   0
   0
   0
   0
     0
     0
     0
     0
     0
     0
     0
     0
     0
     0
     0
     0
     0
0.0001
0.0199
     1
     1
     1
     1
     1
     1
     1
     1
     1
     1
     1
     1
     1
     1
     1
     1
     1
     1
     1
     1
     1
     1
     1
0.9999
0.9801
     0
     0
     0
     0
     0
     0
     0
     0
     0
     0
     0
     0
     0
     0
     0
     0
     0
     0
     0
     0
     0
     0
     0
     0
     0
     0
     0
     0
     0
     0
     0
     0
     0
     0
     0
     0
     0
     0
     0
     0
     0
     0
     0
     0
     0
     0
     0
     0
     0
     0
     0
     0
     0
     0
     0
     0
     0
     0
     0
     0
       0
       0
       0
       0
       0
       0
       0
       0
       0
       0
       0
       0
       0
   1e-06
0.000298
0.029701
       1
       1
       1
       1
       1
       1
       1
       1
       1
       1
       1
       1
       1
       1
       1
       1
       1
       1
       1
       1
       1
       1
0.999999
0.999702
0.970299
       0
       0
       0
       0
       0
       0
       0
       0
       0
       0
       0
       0
       0
       0
       0
       0
       0
       0
       0
       0
       0
       0
       0
       0
       0
       0
       0
       0
       0
       0
       0
       0
       0
       0
       0
       0
       0
       0
       0
       0
       0
       0
       0
       0
       0
       0
       0
       0
       0
       0
       0
       0
       0
       0
       0
       0
       0
       0
       0
         0
         0
         0
         0
         0
         0
         0
         0
         0
         0
         0
         0
         0
     1e-08
  3.97e-06
0.00059203
  0.039404
         1
         1
         1
         1
         1
         1
         1
         1
         1
         1
         1
         1
         1
         1
         1
         1
         1
         1
         1
         1
         1
         1
  0.999996
  0.999408
  0.960596
         0
         0
         0
         0
         0
         0
         0
         0
         0
         0
         0
         0
         0
         0
         0
         0
         0
         0
         0
         0
         0
         0
         0
         0
         0
         0
         0
         0
         0
         0
         0
         0
         0
         0
         0
         0
         0
         0
         0
         0
         0
         0
         0
         0
         0
         0
         0
         0
         0
         0
         0
         0
         0
         0
         0
         0
         0
         0
         0
         0
         0
         0
         0
         0
         0
         0
         0
         0
         0
         0
         0
     1e-10
  4.96e-08
9.8506e-06
0.00098015
   0.04901
         1
         1
         1
         1
         1
         1
         1
         1
         1
         1
         1
         1
         1
         1
         1
         1
         1
         1
         1
         1
         1
         1
   0.99999
   0.99902
   0.95099
         0
         0
         0
         0
         0
         0
         0
         0
         0
         0
         0
         0
         0
         0
         0
         0
         0
         0
         0
         0
         0
         0
         0
         0
         0
         0
         0
         0
         0
         0
         0
         0
         0
         0
         0
         0
         0
         0
         0
         0
         0
         0
         0
         0
         0
         0
         0
         0
         0
         0
         0
         0
         0
         0
         0
         0
         0
          0
          0
          0
          0
          0
          0
          0
          0
          0
          0
          0
          0
          0
      1e-12
   5.95e-10
 1.4761e-07
1.95536e-05
 0.00146045
  0.0585199
          1
          1
          1
          1
          1
          1
          1
          1
          1
          1
          1
          1
          1
          1
          1
          1
          1
          1
          1
          1
          1
          1
    0.99998
    0.99854
    0.94148
          0
          0
          0
          0
          0
          0
          0
          0
          0
          0
          0
          0
          0
          0
          0
          0
          0
          0
          0
          0
          0
          0
          0
          0
          0
          0
          0
          0
          0
          0
          0
          0
          0
          0
          0
          0
          0
          0
          0
          0
          0
          0
          0
          0
          0
          0
          0
          0
          0
          0
          0
          0
          0
          0
          0
          0
          0
          0
          0
          0
          0
          0
          0
          0
          0
          0
          0
          0
          0
      1e-14
   6.94e-12
2.06515e-09
 3.4167e-07
3.39625e-05
 0.00203104
  0.0679347
          1
          1
          1
          1
          1
          1
          1
          1
          1
          1
          1
          1
          1
          1
          1
          1
          1
          1
          1
          1
          1
          1
   0.999966
   0.997969
   0.932065
          0
          0
          0
          0
          0
          0
          0
          0
          0
          0
          0
          0
          0
          0
          0
          0
          0
          0
          0
          0
          0
          0
          0
          0
          0
          0
          0
          0
          0
          0
          0
          0
          0
          0
          0
          0
          0
          0
          0
          0
          0
          0
          0
          0
          0
          0
          0
          0
          0
          0
          0
          0
          0
          0
          0
          0
          0
          0
          0
          0
          0
          0
          0
          0
          0
          0
          0
          0
      1e-16
   7.93e-14
2.75221e-11
 5.4612e-09
6.77878e-07
5.39333e-05
 0.00269008
  0.0772553
          1
          1
          1
          1
          1
          1
          1
          1
          1
          1
          1
          1
          1
          1
          1
          1
          1
          1
          1
          1
          1
   0.999999
   0.999946
    0.99731
   0.922745
          0
          0
          0
          0
          0
          0
          0
          0
          0
          0
          0
          0
          0
          0
          0
          0
          0
          0
          0
          0
          0
          0
          0
          0
          0
          0
          0
          0
          0
          0
          0
          0
          0
          0
          0
          0
          0
          0
          0
          0
          0
          0
          0
          0
          0
          0
          0
          0
          0
          0
          0
          0
          0
          0
          0
          0
          0
          0
          0
          0
          0
          0
          0
          0
          0
          0
          0
      1e-18
   8.92e-16
3.53728e-13
8.18588e-11
1.21854e-08
1.21043e-06
8.02948e-05
 0.00343573
  0.0864828
          1
          1
          1
          1
          1
          1
          1
          1
          1
          1
          1
          1
          1
          1
          1
          1
          1
          1
          1
          1
          1
   0.999999
    0.99992
   0.996564
   0.913517
          0
          0
          0
          0
          0
          0
          0
          0
          0
          0
          0
          0
          0
          0
          0
          0
          0
          0
          0
          0
          0
          0
          0
          0
          0
          0
          0
          0
          0
          0
          0
          0
          0
          0
          0
          0
          0
          0
          0
          0
          0
          0
          0
          0
          0
          0
          0
          0
          0
          0
          0
          0
          0
          0
          0
          0
          0
          0
          0
          0
          0
          0
          0
          0
          0
          0
      1e-20
   9.91e-18
4.42036e-15
1.16878e-12
2.02894e-10
2.41678e-08
2.00128e-06
0.000113849
  0.0042662
  0.0956179
          1
          1
          1
          1
          1
          1
          1
          1
          1
          1
          1
          1
          1
          1
          1
          1
          1
          1
          1
          1
          1
   0.999998
   0.999886
   0.995734
   0.904382
          0
          0
          0
          0
          0
          0
          0
          0
          0
          0
          0
          0
          0
          0
          0
          0
          0
          0
          0
          0
          0
          0
          0
          0
          0
          0
          0
          0
          0
          0
          0
          0
          0
          0
          0
          0
          0
          0
          0
          0
          0
          0
          0
          0
          0
          0
          0
          0
          0
          0
          0
          0
          0
          0
          0
          0
          0
          0
          0
          0
          0
          0
          0
          0
          0
      1e-22
   1.09e-19
5.40145e-17
1.60639e-14
3.18603e-12
4.42543e-10
4.39389e-08
3.11975e-06
0.000155373
 0.00517972
   0.104662
          1
          1
          1
          1
          1
          1
          1
          1
          1
          1
          1
          1
          1
          1
          1
          1
          1
          1
          1
          1
          1
   0.999997
   0.999845
    0.99482
   0.895338
          0
          0
          0
          0
          0
          0
          0
          0
          0
          0
          0
          0
          0
          0
          0
          0
          0
          0
          0
          0
          0
          0
          0
          0
          0
          0
          0
          0
          0
          0
          0
          0
          0
          0
          0
          0
          0
          0
          0
          0
          0
          0
          0
          0
          0
          0
          0
          0
          0
          0
          0
          0
          0
          0
          0
          0
          0
          0
          0
          0
          0
          0
          0
          0
      1e-24
  1.189e-21
6.48055e-19
2.14114e-16
4.77636e-14
 7.5796e-12
8.77507e-10
7.46971e-08
4.64228e-06
0.000205616
 0.00617454
   0.113615
          1
          1
          1
          1
          1
          1
          1
          1
          1
          1
          1
          1
          1
          1
          1
          1
          1
          1
          1
          1
          1
   0.999995
   0.999794
   0.993825
   0.886385
          0
          0
          0
          0
          0
          0
          0
          0
          0
          0
          0
          0
          0
          0
          0
          0
          0
          0
          0
          0
          0
          0
          0
          0
          0
          0
          0
          0
          0
          0
          0
          0
          0
          0
          0
          0
          0
          0
          0
          0
          0
          0
          0
          0
          0
          0
          0
          0
          0
          0
          0
          0
          0
          0
          0
          0
          0
          0
          0
          0
          0
          0
          0
      1e-26
  1.288e-23
7.65766e-21
2.78271e-18
6.89609e-16
1.23082e-13
1.62789e-11
 1.6157e-09
1.20373e-07
6.65202e-06
0.000265305
 0.00724894
   0.122479
          1
          1
          1
          1
          1
          1
          1
          1
          1
          1
          1
          1
          1
          1
          1
          1
          1
          1
          1
          1
          1
   0.999993
   0.999735
   0.992751
   0.877521
          0
          0
          0
          0
          0
          0
          0
          0
          0
          0
          0
          0
          0
          0
          0
          0
          0
          0
          0
          0
          0
          0
          0
          0
          0
          0
          0
          0
          0
          0
          0
          0
          0
          0
          0
          0
          0
          0
          0
          0
          0
          0
          0
          0
          0
          0
          0
          0
          0
          0
          0
          0
          0
          0
          0
          0
          0
          0
          0
          0
          0
          0
      1e-28
  1.387e-25
8.93278e-23
3.54082e-20
9.65097e-18
1.91353e-15
 2.8464e-13
3.22731e-11
2.80328e-09
1.85689e-07
9.23855e-06
0.000335142
 0.00840124
   0.131254
          1
          1
          1
          1
          1
          1
          1
          1
          1
          1
          1
          1
          1
          1
          1
          1
          1
          1
          1
          1
          1
   0.999991
   0.999665
   0.991599
   0.868746
          0
          0
          0
          0
          0
          0
          0
          0
          0
          0
          0
          0
          0
          0
          0
          0
          0
          0
          0
          0
          0
          0
          0
          0
          0
          0
          0
          0
          0
          0
          0
          0
          0
          0
          0
          0
          0
          0
          0
          0
          0
          0
          0
          0
          0
          0
          0
          0
          0
          0
          0
          0
          0
          0
          0
          0
          0
          0
          0
          0
          0
      1e-30
  1.486e-27
1.03059e-24
4.42517e-22
1.31564e-19
2.86898e-17
 4.7408e-15
6.04525e-13
5.99831e-11
4.63214e-09
2.76218e-07
1.24976e-05
0.000415803
 0.00962977
   0.139942
          1
          1
          1
          1
          1
          1
          1
          1
          1
          1
          1
          1
          1
          1
          1
          1
          1
          1
          1
          1
          1
   0.999988
   0.999584
    0.99037
   0.860058
          0
          0
          0
          0
          0
          0
          0
          0
          0
          0
          0
          0
          0
          0
          0
          0
          0
          0
          0
          0
          0
          0
          0
          0
          0
          0
          0
          0
          0
          0
          0
          0
          0
          0
          0
          0
          0
          0
          0
          0
          0
          0
          0
          0
          0
          0
          0
          0
          0
          0
          0
          0
          0
          0
          0
          0
          0
          0
          0
          0
      1e-32
  1.585e-29
1.17771e-26
5.44545e-24
1.75373e-21
4.17146e-19
7.58109e-17
1.07386e-14
1.19831e-12
1.05705e-10
  7.348e-09
3.98432e-07
1.65306e-05
0.000507942
  0.0109329
   0.148542
          1
          1
          1
          1
          1
          1
          1
          1
          1
          1
          1
          1
          1
          1
          1
          1
          1
          1
          1
          1
          1
   0.999983
   0.999492
   0.989067
   0.851458
          0
          0
          0
          0
          0
          0
          0
          0
          0
          0
          0
          0
          0
          0
          0
          0
          0
          0
          0
          0
          0
          0
          0
          0
          0
          0
          0
          0
          0
          0
          0
          0
          0
          0
          0
          0
          0
          0
          0
          0
          0
          0
          0
          0
          0
          0
          0
          0
          0
          0
          0
          0
          0
          0
          0
          0
          0
          0
          0
      1e-34
  1.684e-31
1.33462e-28
6.61138e-26
2.29283e-23
5.90765e-21
1.17108e-18
1.82439e-16
2.26144e-14
2.24337e-12
1.78128e-10
1.12588e-08
5.59754e-07
2.14448e-05
0.000612192
   0.012309
   0.157057
          1
          1
          1
          1
          1
          1
          1
          1
          1
          1
          1
          1
          1
          1
          1
          1
          1
          1
          1
          1
   0.999999
   0.999979
   0.999388
   0.987691
   0.842943
          0
          0
          0
          0
          0
          0
          0
          0
          0
          0
          0
          0
          0
          0
          0
          0
          0
          0
          0
          0
          0
          0
          0
          0
          0
          0
          0
          0
          0
          0
          0
          0
          0
          0
          0
          0
          0
          0
          0
          0
          0
          0
          0
          0
          0
          0
          0
          0
          0
          0
          0
          0
          0
          0
          0
          0
          0
          0
      1e-36
  1.783e-33
1.50134e-30
7.93265e-28
2.94736e-25
8.17756e-23
1.75594e-20
2.98376e-18
4.06758e-16
 4.4822e-14
4.00222e-12
2.88935e-10
1.67438e-08
7.68604e-07
2.73522e-05
 0.00072916
  0.0137565
   0.165486
          1
          1
          1
          1
          1
          1
          1
          1
          1
          1
          1
          1
          1
          1
          1
          1
          1
          1
          1
          1
   0.999999
   0.999973
   0.999271
   0.986244
   0.834514
          0
          0
          0
          0
          0
          0
          0
          0
          0
          0
          0
          0
          0
          0
          0
          0
          0
          0
          0
          0
          0
          0
          0
          0
          0
          0
          0
          0
          0
          0
          0
          0
          0
          0
          0
          0
          0
          0
          0
          0
          0
          0
          0
          0
          0
          0
          0
          0
          0
          0
          0
          0
          0
          0
          0
          0
          0
      1e-38
  1.882e-35
1.67785e-32
9.41898e-30
3.73269e-27
1.10954e-24
2.56552e-22
4.72215e-20
7.02151e-18
 8.5091e-16
8.43959e-14
6.85154e-12
4.53483e-10
2.42624e-08
1.03444e-06
3.43703e-05
0.000859433
  0.0152738
   0.173831
          1
          1
          1
          1
          1
          1
          1
          1
          1
          1
          1
          1
          1
          1
          1
          1
          1
          1
          1
          1
   0.999999
   0.999966
   0.999141
   0.984726
   0.826169
          0
          0
          0
          0
          0
          0
          0
          0
          0
          0
          0
          0
          0
          0
          0
          0
          0
          0
          0
          0
          0
          0
          0
          0
          0
          0
          0
          0
          0
          0
          0
          0
          0
          0
          0
          0
          0
          0
          0
          0
          0
          0
          0
          0
          0
          0
          0
          0
          0
          0
          0
          0
          0
          0
          0
          0
      1e-40
  1.981e-37
1.86417e-34
1.10801e-31
4.66517e-29
1.47908e-26
3.66397e-24
7.26201e-22
1.16964e-19
1.54604e-17
1.68636e-15
1.52067e-13
1.13179e-11
6.91572e-10
3.43642e-08
 1.3678e-06
4.26209e-05
 0.00100358
  0.0168593
   0.182093
          1
          1
          1
          1
          1
          1
          1
          1
          1
          1
          1
          1
          1
          1
          1
          1
          1
          1
          1
          1
   0.999999
   0.999957
   0.998996
   0.983141
   0.817907
          0
          0
          0
          0
          0
          0
          0
          0
          0
          0
          0
          0
          0
          0
          0
          0
          0
          0
          0
          0
          0
          0
          0
          0
          0
          0
          0
          0
          0
          0
          0
          0
          0
          0
          0
          0
          0
          0
          0
          0
          0
          0
          0
          0
          0
          0
          0
          0
          0
          0
          0
          0
          0
          0
          0
      1e-42
   2.08e-39
2.06029e-36
1.29256e-33
5.76209e-31
1.94093e-28
5.12826e-26
1.08893e-23
1.88858e-21
2.70399e-19
3.21694e-17
3.19017e-15
2.63725e-13
1.81204e-11
 1.0283e-09
4.76985e-08
1.78033e-06
5.22305e-05
 0.00116213
  0.0185117
   0.190272
          1
          1
          1
          1
          1
          1
          1
          1
          1
          1
          1
          1
          1
          1
          1
          1
          1
          1
          1
          1
   0.999998
   0.999948
   0.998838
   0.981488
   0.809728
          0
          0
          0
          0
          0
          0
          0
          0
          0
          0
          0
          0
          0
          0
          0
          0
          0
          0
          0
          0
          0
          0
          0
          0
          0
          0
          0
          0
          0
          0
          0
          0
          0
          0
          0
          0
          0
          0
          0
          0
          0
          0
          0
          0
          0
          0
          0
          0
          0
          0
          0
          0
          0
          0
      1e-44
  2.179e-41
2.26621e-38
1.49653e-35
7.04173e-33
2.51138e-30
7.04978e-28
1.59663e-25
2.96663e-23
4.57368e-21
5.89389e-19
6.37494e-17
5.79552e-15
4.42292e-13
2.82222e-11
  1.495e-09
6.50248e-08
2.28483e-06
6.33295e-05
 0.00133563
  0.0202293
   0.198369
          1
          1
          1
          1
          1
          1
          1
          1
          1
          1
          1
          1
          1
          1
          1
          1
          1
          1
          1
          1
   0.999998
   0.999937
   0.998664
   0.979771
   0.801631
          0
          0
          0
          0
          0
          0
          0
          0
          0
          0
          0
          0
          0
          0
          0
          0
          0
          0
          0
          0
          0
          0
          0
          0
          0
          0
          0
          0
          0
          0
          0
          0
          0
          0
          0
          0
          0
          0
          0
          0
          0
          0
          0
          0
          0
          0
          0
          0
          0
          0
          0
          0
          0
      1e-46
  2.278e-43
2.48193e-40
1.72088e-37
8.52329e-35
3.20851e-32
9.53604e-30
2.29456e-27
4.54729e-25
7.51064e-23
1.04218e-20
1.22099e-18
1.21067e-16
1.01605e-14
7.20091e-13
  4.289e-11
 2.1303e-09
8.72229e-08
2.89528e-06
7.60525e-05
 0.00152457
  0.0220107
   0.206386
          1
          1
          1
          1
          1
          1
          1
          1
          1
          1
          1
          1
          1
          1
          1
          1
          1
          1
          1
          1
   0.999997
   0.999924
   0.998475
   0.977989
   0.793614
          0
          0
          0
          0
          0
          0
          0
          0
          0
          0
          0
          0
          0
          0
          0
          0
          0
          0
          0
          0
          0
          0
          0
          0
          0
          0
          0
          0
          0
          0
          0
          0
          0
          0
          0
          0
          0
          0
          0
          0
          0
          0
          0
          0
          0
          0
          0
          0
          0
          0
          0
          0
      1e-48
  2.377e-45
2.70745e-42
1.96659e-39
 1.0227e-36
4.05232e-34
1.27125e-31
3.23863e-29
6.81891e-27
1.20125e-24
1.78574e-22
2.25275e-20
2.41945e-18
2.21461e-16
1.72598e-14
1.14179e-12
 6.3764e-11
2.98122e-09
1.15303e-07
3.62685e-06
9.05376e-05
 0.00172943
  0.0238544
   0.214322
          1
          1
          1
          1
          1
          1
          1
          1
          1
          1
          1
          1
          1
          1
          1
          1
          1
          1
          1
          1
   0.999996
   0.999909
   0.998271
   0.976146
   0.785678
          0
          0
          0
          0
          0
          0
          0
          0
          0
          0
          0
          0
          0
          0
          0
          0
          0
          0
          0
          0
          0
          0
          0
          0
          0
          0
          0
          0
          0
          0
          0
          0
          0
          0
          0
          0
          0
          0
          0
          0
          0
          0
          0
          0
          0
          0
          0
          0
          0
          0
          0
      1e-50
  2.476e-47
2.94278e-44
2.23463e-41
1.21739e-38
5.06478e-36
1.67243e-33
4.49716e-31
1.00251e-28
1.87632e-26
2.97497e-24
4.02063e-22
4.64967e-20
4.60987e-18
3.91845e-16
2.85051e-14
1.76801e-12
9.29386e-11
4.10445e-09
1.50419e-07
4.49596e-06
0.000106927
 0.00195068
  0.0257591
   0.222179
          1
          1
          1
          1
          1
          1
          1
          1
          1
          1
          1
          1
          1
          1
          1
          1
          1
          1
          1
          1
   0.999996
   0.999893
   0.998049
   0.974241
   0.777821
          0
          0
          0
          0
          0
          0
          0
          0
          0
          0
          0
          0
          0
          0
          0
          0
          0
          0
          0
          0
          0
          0
          0
          0
          0
          0
          0
          0
          0
          0
          0
          0
          0
          0
          0
          0
          0
          0
          0
          0
          0
          0
          0
          0
          0
          0
          0
          0
          0
          0
      1e-52
  2.575e-49
 3.1879e-46
2.52597e-43
1.43862e-40
   6.27e-38
2.17384e-35
6.15286e-33
1.44773e-30
2.86881e-28
4.83253e-26
6.96585e-24
 8.6301e-22
9.21305e-20
8.48222e-18
6.72977e-16
4.59002e-14
2.67972e-12
1.33054e-10
5.56759e-09
1.93874e-07
5.52026e-06
0.000125364
 0.00218876
  0.0277233
   0.229957
          1
          1
          1
          1
          1
          1
          1
          1
          1
          1
          1
          1
          1
          1
          1
          1
          1
          1
          1
          1
   0.999994
   0.999875
   0.997811
   0.972277
   0.770043
          0
          0
          0
          0
          0
          0
          0
          0
          0
          0
          0
          0
          0
          0
          0
          0
          0
          0
          0
          0
          0
          0
          0
          0
          0
          0
          0
          0
          0
          0
          0
          0
          0
          0
          0
          0
          0
          0
          0
          0
          0
          0
          0
          0
          0
          0
          0
          0
          0
      1e-54
  2.674e-51
3.44283e-48
2.84157e-45
1.68869e-42
7.69423e-40
2.79457e-37
8.30497e-35
2.05687e-32
4.30206e-30
7.67265e-28
1.17501e-25
1.55263e-23
1.77568e-21
1.76031e-19
1.51272e-17
1.12525e-15
7.22383e-14
3.98346e-12
1.87399e-10
7.45066e-09
2.47138e-07
 6.7187e-06
0.000145998
 0.00244411
  0.0297456
   0.237657
          1
          1
          1
          1
          1
          1
          1
          1
          1
          1
          1
          1
          1
          1
          1
          1
          1
          1
          1
          1
   0.999993
   0.999854
   0.997556
   0.970254
   0.762343
          0
          0
          0
          0
          0
          0
          0
          0
          0
          0
          0
          0
          0
          0
          0
          0
          0
          0
          0
          0
          0
          0
          0
          0
          0
          0
          0
          0
          0
          0
          0
          0
          0
          0
          0
          0
          0
          0
          0
          0
          0
          0
          0
          0
          0
          0
          0
          0
      1e-56
  2.773e-53
3.70755e-50
3.18241e-47
   1.97e-44
9.36603e-42
 3.5563e-39
1.10716e-36
2.87906e-34
6.33836e-32
1.19317e-29
 1.9346e-27
2.71588e-25
3.31279e-23
3.51824e-21
3.25543e-19
2.62284e-17
1.83638e-15
1.11351e-13
5.81761e-12
2.60032e-10
9.84753e-09
3.11854e-07
 8.1115e-06
0.000168979
 0.00271712
  0.0318248
   0.245281
          1
          1
          1
          1
          1
          1
          1
          1
          1
          1
          1
          1
          1
          1
          1
          1
          1
          1
          1
          1
   0.999992
   0.999831
   0.997283
   0.968175
   0.754719
          0
          0
          0
          0
          0
          0
          0
          0
          0
          0
          0
          0
          0
          0
          0
          0
          0
          0
          0
          0
          0
          0
          0
          0
          0
          0
          0
          0
          0
          0
          0
          0
          0
          0
          0
          0
          0
          0
          0
          0
          0
          0
          0
          0
          0
          0
          0
      1e-58
  2.872e-55
3.98208e-52
3.54945e-49
2.28506e-46
1.13163e-43
4.48354e-41
1.45923e-38
3.97515e-36
9.18863e-34
1.82067e-31
3.11583e-29
4.63114e-27
6.00151e-25
 6.7979e-23
6.73848e-21
5.84571e-19
4.43299e-17
2.93152e-15
1.68413e-13
8.35976e-12
3.55907e-10
1.28676e-08
 3.8985e-07
9.72017e-06
0.000194461
  0.0030082
  0.0339593
   0.252828
          1
          1
          1
          1
          1
          1
          1
          1
          1
          1
          1
          1
          1
          1
          1
          1
          1
          1
          1
          1
    0.99999
   0.999806
   0.996992
   0.966041
   0.747172
          0
          0
          0
          0
          0
          0
          0
          0
          0
          0
          0
          0
          0
          0
          0
          0
          0
          0
          0
          0
          0
          0
          0
          0
          0
          0
          0
          0
          0
          0
          0
          0
          0
          0
          0
          0
          0
          0
          0
          0
          0
          0
          0
          0
          0
          0
      1e-60
  2.971e-57
4.26641e-54
3.94368e-51
2.63646e-48
1.35785e-45
5.60385e-43
 1.9031e-40
5.41979e-38
 1.3124e-35
2.73034e-33
4.91829e-31
7.71581e-29
1.05863e-26
1.27394e-24
1.34684e-22
1.25168e-20
1.02202e-18
7.32018e-17
4.58634e-15
2.50327e-13
1.18352e-11
4.81024e-10
1.66374e-08
4.83153e-07
1.15676e-05
0.000222598
 0.00331771
   0.036148
     0.2603
          1
          1
          1
          1
          1
          1
          1
          1
          1
          1
          1
          1
          1
          1
          1
          1
          1
          1
          1
          1
   0.999988
   0.999777
   0.996682
   0.963852
     0.7397
          0
          0
          0
          0
          0
          0
          0
          0
          0
          0
          0
          0
          0
          0
          0
          0
          0
          0
          0
          0
          0
          0
          0
          0
          0
          0
          0
          0
          0
          0
          0
          0
          0
          0
          0
          0
          0
          0
          0
          0
          0
          0
          0
          0
          0
      1e-62
   3.07e-59
4.56054e-56
4.36605e-53
3.02688e-50
1.61886e-47
6.94813e-45
2.45788e-42
7.30386e-40
1.84896e-37
4.02962e-35
7.62133e-33
1.25849e-30
 1.8225e-28
2.32199e-26
2.60804e-24
2.58505e-22
2.26119e-20
1.74382e-18
1.18333e-16
7.04374e-15
3.66176e-13
1.65271e-11
6.42588e-10
2.13026e-08
5.93998e-07
1.36779e-05
0.000253549
 0.00364601
  0.0383895
   0.267697
          1
          1
          1
          1
          1
          1
          1
          1
          1
          1
          1
          1
          1
          1
          1
          1
          1
          1
          1
   0.999999
   0.999986
   0.999746
   0.996354
    0.96161
   0.732303
          0
          0
          0
          0
          0
          0
          0
          0
          0
          0
          0
          0
          0
          0
          0
          0
          0
          0
          0
          0
          0
          0
          0
          0
          0
          0
          0
          0
          0
          0
          0
          0
          0
          0
          0
          0
          0
          0
          0
          0
          0
          0
          0
          0
      1e-64
  3.169e-61
4.86447e-58
4.81755e-55
3.45912e-52
1.91852e-49
 8.5508e-47
3.14575e-44
9.73716e-42
2.57204e-39
5.86009e-37
1.16107e-34
  2.013e-32
3.06841e-30
4.12626e-28
4.90681e-26
5.16701e-24
4.82039e-22
 3.9824e-20
2.90972e-18
1.87587e-16
1.06351e-14
5.27785e-13
2.27877e-11
8.49188e-10
2.70295e-08
7.24836e-07
1.60766e-05
0.000287474
 0.00399345
  0.0406826
    0.27502
          1
          1
          1
          1
          1
          1
          1
          1
          1
          1
          1
          1
          1
          1
          1
          1
          1
          1
          1
   0.999999
   0.999984
   0.999713
   0.996007
   0.959317
    0.72498
          0
          0
          0
          0
          0
          0
          0
          0
          0
          0
          0
          0
          0
          0
          0
          0
          0
          0
          0
          0
          0
          0
          0
          0
          0
          0
          0
          0
          0
          0
          0
          0
          0
          0
          0
          0
          0
          0
          0
          0
          0
          0
          0
      1e-66
  3.268e-63
 5.1782e-60
5.29913e-57
3.93606e-54
2.26098e-51
1.04501e-48
3.99228e-46
1.28515e-43
3.53602e-41
8.40641e-39
1.74121e-36
3.16246e-34
5.06128e-32
7.16398e-30
8.99181e-28
1.00248e-25
9.93573e-24
8.75459e-22
6.85229e-20
4.75649e-18
2.92062e-16
1.58066e-14
7.50384e-13
3.10517e-11
1.11099e-09
3.40076e-08
8.78354e-07
1.87906e-05
0.000324533
 0.00436034
   0.043026
   0.282269
          1
          1
          1
          1
          1
          1
          1
          1
          1
          1
          1
          1
          1
          1
          1
          1
          1
          1
          1
   0.999999
   0.999981
   0.999675
    0.99564
   0.956974
   0.717731
          0
          0
          0
          0
          0
          0
          0
          0
          0
          0
          0
          0
          0
          0
          0
          0
          0
          0
          0
          0
          0
          0
          0
          0
          0
          0
          0
          0
          0
          0
          0
          0
          0
          0
          0
          0
          0
          0
          0
          0
          0
          0
      1e-68
  3.367e-65
5.50173e-62
5.81177e-59
4.46067e-56
2.65065e-53
1.26885e-50
5.02684e-48
1.68038e-45
4.80832e-43
1.19071e-40
2.57345e-38
4.88626e-36
8.19212e-34
1.21747e-31
1.60842e-29
1.89266e-27
1.98602e-25
 1.8591e-23
1.55193e-21
1.15403e-19
7.62955e-18
4.47207e-16
2.31523e-14
 1.0534e-12
4.18511e-11
1.43996e-09
4.24511e-08
1.05748e-06
 2.1848e-05
0.000364891
 0.00474699
  0.0454184
   0.289447
          1
          1
          1
          1
          1
          1
          1
          1
          1
          1
          1
          1
          1
          1
          1
          1
          1
          1
          1
   0.999999
   0.999978
   0.999635
   0.995253
   0.954582
   0.710553
          0
          0
          0
          0
          0
          0
          0
          0
          0
          0
          0
          0
          0
          0
          0
          0
          0
          0
          0
          0
          0
          0
          0
          0
          0
          0
          0
          0
          0
          0
          0
          0
          0
          0
          0
          0
          0
          0
          0
          0
          0
      1e-70
  3.466e-67
5.83506e-64
6.35644e-61
5.03604e-58
3.09225e-55
1.53127e-52
  6.283e-50
2.17804e-47
6.47189e-45
1.66673e-42
3.75225e-40
7.43398e-38
1.30295e-35
2.02848e-33
2.81371e-31
  3.485e-29
3.85976e-27
3.82526e-25
3.39244e-23
2.69044e-21
1.90544e-19
1.20253e-17
6.74258e-16
3.34548e-14
1.46137e-12
5.58322e-11
1.85007e-09
5.26013e-08
1.26538e-06
2.52784e-05
0.000408712
 0.00515371
  0.0478587
   0.296552
          1
          1
          1
          1
          1
          1
          1
          1
          1
          1
          1
          1
          1
          1
          1
          1
          1
          1
          1
   0.999999
   0.999975
   0.999591
   0.994846
   0.952141
   0.703448
          0
          0
          0
          0
          0
          0
          0
          0
          0
          0
          0
          0
          0
          0
          0
          0
          0
          0
          0
          0
          0
          0
          0
          0
          0
          0
          0
          0
          0
          0
          0
          0
          0
          0
          0
          0
          0
          0
          0
          0
      1e-72
  3.565e-69
 6.1782e-66
6.93411e-63
5.66532e-60
3.59082e-57
 1.8374e-54
7.79896e-52
2.80006e-49
8.62815e-47
2.30745e-44
5.40231e-42
1.11487e-39
2.03892e-37
3.31841e-35
4.82191e-33
6.27056e-31
7.30991e-29
7.64642e-27
7.17945e-25
6.04895e-23
4.56898e-21
3.08892e-19
1.86476e-17
1.00206e-15
 4.7734e-14
2.00508e-12
7.37745e-11
2.35758e-09
6.47291e-08
1.50551e-06
2.91128e-05
0.000456162
 0.00558076
  0.0503456
   0.303587
          1
          1
          1
          1
          1
          1
          1
          1
          1
          1
          1
          1
          1
          1
          1
          1
          1
          1
          1
   0.999998
   0.999971
   0.999544
   0.994419
   0.949654
   0.696413
          0
          0
          0
          0
          0
          0
          0
          0
          0
          0
          0
          0
          0
          0
          0
          0
          0
          0
          0
          0
          0
          0
          0
          0
          0
          0
          0
          0
          0
          0
          0
          0
          0
          0
          0
          0
          0
          0
          0
      1e-74
  3.664e-71
6.53113e-68
7.54575e-65
 6.3518e-62
4.15169e-59
2.19289e-56
9.61798e-54
3.57215e-51
1.14002e-48
3.16164e-46
7.68669e-44
 1.6497e-41
3.14264e-39
5.33693e-37
8.10713e-35
1.10442e-32
1.35178e-30
1.48832e-28
1.47494e-26
1.31566e-24
1.05574e-22
 7.6122e-21
4.92279e-19
2.84818e-17
1.46938e-15
6.73075e-14
2.72278e-12
9.66126e-11
 2.9813e-09
7.91369e-08
1.78158e-06
3.33833e-05
0.000507408
 0.00602841
   0.052878
   0.310551
          1
          1
          1
          1
          1
          1
          1
          1
          1
          1
          1
          1
          1
          1
          1
          1
          1
          1
          1
   0.999998
   0.999967
   0.999493
   0.993972
   0.947122
   0.689449
          0
          0
          0
          0
          0
          0
          0
          0
          0
          0
          0
          0
          0
          0
          0
          0
          0
          0
          0
          0
          0
          0
          0
          0
          0
          0
          0
          0
          0
          0
          0
          0
          0
          0
          0
          0
          0
          0
      1e-76
  3.763e-73
6.89387e-70
8.19234e-67
7.09883e-64
4.78052e-61
2.60391e-58
1.17889e-55
4.52433e-53
1.49366e-50
4.29026e-48
1.08167e-45
2.41068e-43
4.77584e-41
8.44814e-39
1.33907e-36
1.90703e-34
2.44516e-32
2.82658e-30
2.94838e-28
2.77585e-26
2.35825e-24
1.80641e-22
1.24589e-20
7.72175e-19
4.28908e-17
2.12776e-15
9.38622e-14
3.66167e-12
1.25459e-10
3.74285e-09
9.61614e-08
 2.0976e-06
3.81235e-05
0.000562618
  0.0064969
  0.0554548
   0.317445
          1
          1
          1
          1
          1
          1
          1
          1
          1
          1
          1
          1
          1
          1
          1
          1
          1
          1
          1
   0.999998
   0.999962
   0.999437
   0.993503
   0.944545
   0.682555
          0
          0
          0
          0
          0
          0
          0
          0
          0
          0
          0
          0
          0
          0
          0
          0
          0
          0
          0
          0
          0
          0
          0
          0
          0
          0
          0
          0
          0
          0
          0
          0
          0
          0
          0
          0
          0
      1e-78
  3.862e-75
 7.2664e-72
8.87483e-69
7.90987e-66
 5.4833e-63
3.07718e-60
1.43668e-57
5.69144e-55
1.94157e-52
5.76898e-50
1.50641e-47
3.48154e-45
7.16241e-43
1.31762e-40
2.17544e-38
3.23271e-36
4.33312e-34
5.24729e-32
 5.7467e-30
5.69475e-28
5.10634e-26
4.14107e-24
3.03423e-22
 2.0056e-20
1.19336e-18
6.37395e-17
3.04511e-15
 1.2954e-13
4.87965e-12
1.61633e-10
4.66704e-09
1.16176e-07
2.45786e-06
4.33685e-05
0.000621961
 0.00698648
  0.0580747
   0.324271
          1
          1
          1
          1
          1
          1
          1
          1
          1
          1
          1
          1
          1
          1
          1
          1
          1
          1
          1
   0.999998
   0.999957
   0.999378
   0.993014
   0.941925
   0.675729
          0
          0
          0
          0
          0
          0
          0
          0
          0
          0
          0
          0
          0
          0
          0
          0
          0
          0
          0
          0
          0
          0
          0
          0
          0
          0
          0
          0
          0
          0
          0
          0
          0
          0
          0
          0
      1e-80
  3.961e-77
7.64874e-74
 9.5942e-71
8.78848e-68
6.26638e-65
3.62002e-62
1.74132e-59
7.11375e-57
2.50503e-54
7.69114e-52
2.07754e-49
4.97288e-47
1.06091e-44
 2.0267e-42
3.47988e-40
5.38639e-38
 7.5335e-36
9.53707e-34
1.09415e-31
 1.1384e-29
1.07441e-27
9.19635e-26
7.13389e-24
5.00949e-22
3.17891e-20
1.81882e-18
9.35532e-17
4.31006e-15
1.77041e-13
6.44719e-12
2.06687e-10
5.78213e-09
1.39593e-07
2.86697e-06
4.91544e-05
0.000685606
 0.00749736
  0.0607366
   0.331028
          1
          1
          1
          1
          1
          1
          1
          1
          1
          1
          1
          1
          1
          1
          1
          1
          1
          1
          1
   0.999997
   0.999951
   0.999314
   0.992503
   0.939263
   0.668972
          0
          0
          0
          0
          0
          0
          0
          0
          0
          0
          0
          0
          0
          0
          0
          0
          0
          0
          0
          0
          0
          0
          0
          0
          0
          0
          0
          0
          0
          0
          0
          0
          0
          0
          0
      1e-82
   4.06e-79
8.04088e-76
1.03514e-72
9.73831e-70
7.13644e-67
 4.2404e-64
 2.0997e-61
8.83766e-59
3.20929e-56
1.01711e-53
2.83896e-51
7.02964e-49
1.55323e-46
3.07701e-44
5.48632e-42
8.83147e-40
 1.2866e-37
1.69952e-35
2.03832e-33
2.22161e-31
2.20143e-29
1.98331e-27
1.62383e-25
 1.2072e-23
 8.1383e-22
4.96594e-20
2.73617e-18
1.35718e-16
6.03737e-15
2.39743e-13
8.44959e-12
2.62442e-10
7.12023e-09
1.66866e-07
3.32984e-06
5.55189e-05
0.000753724
 0.00802976
  0.0634395
   0.337718
          1
          1
          1
          1
          1
          1
          1
          1
          1
          1
          1
          1
          1
          1
          1
          1
          1
          1
          1
   0.999997
   0.999944
   0.999246
    0.99197
    0.93656
   0.662282
          0
          0
          0
          0
          0
          0
          0
          0
          0
          0
          0
          0
          0
          0
          0
          0
          0
          0
          0
          0
          0
          0
          0
          0
          0
          0
          0
          0
          0
          0
          0
          0
          0
          0
      1e-84
  4.159e-81
8.44282e-78
1.11475e-74
1.07631e-71
8.10053e-69
 4.9469e-66
 2.5195e-63
1.09164e-60
4.08421e-58
1.33483e-55
 3.8459e-53
9.84021e-51
2.24916e-48
 4.6147e-46
8.53255e-44
1.42629e-41
2.16092e-39
2.97326e-37
3.72085e-35
4.23955e-33
4.40082e-31
4.16272e-29
 3.5873e-27
2.81479e-25
2.00896e-23
1.30229e-21
7.65245e-20
4.06599e-18
1.94735e-16
8.37443e-15
3.21841e-13
1.09895e-11
 3.3102e-10
8.71769e-09
1.98496e-07
3.85173e-06
 6.2501e-05
0.000826484
 0.00858385
  0.0661823
   0.344341
          1
          1
          1
          1
          1
          1
          1
          1
          1
          1
          1
          1
          1
          1
          1
          1
          1
          1
          1
   0.999996
   0.999937
   0.999174
   0.991416
   0.933818
   0.655659
          0
          0
          0
          0
          0
          0
          0
          0
          0
          0
          0
          0
          0
          0
          0
          0
          0
          0
          0
          0
          0
          0
          0
          0
          0
          0
          0
          0
          0
          0
          0
          0
          0
      1e-86
  4.258e-83
8.85456e-80
1.19833e-76
1.18667e-73
9.16608e-71
5.74886e-68
3.00925e-65
1.34107e-62
5.16494e-60
1.73917e-57
5.16738e-55
1.36476e-52
3.22334e-50
6.84137e-48
1.31011e-45
2.27102e-43
3.57295e-41
5.11257e-39
6.66438e-37
7.92319e-35
8.59797e-33
8.51953e-31
7.70839e-29
6.36622e-27
4.79561e-25
3.29116e-23
2.05451e-21
1.16419e-19
5.97268e-18
2.76532e-16
1.15091e-14
4.28518e-13
1.41898e-11
4.14886e-10
1.06155e-08
2.35028e-07
4.43822e-06
7.01408e-05
0.000904058
 0.00915984
  0.0689639
   0.350897
          1
          1
          1
          1
          1
          1
          1
          1
          1
          1
          1
          1
          1
          1
          1
          1
          1
          1
          1
   0.999996
    0.99993
   0.999096
    0.99084
   0.931036
   0.649103
          0
          0
          0
          0
          0
          0
          0
          0
          0
          0
          0
          0
          0
          0
          0
          0
          0
          0
          0
          0
          0
          0
          0
          0
          0
          0
          0
          0
          0
          0
          0
          0
      1e-88
  4.357e-85
 9.2761e-82
1.28599e-78
 1.3053e-75
1.03409e-72
 6.6563e-70
3.57838e-67
1.63898e-64
6.49259e-62
 2.2505e-59
6.88916e-57
1.87634e-54
4.57446e-52
1.00325e-49
1.98741e-47
3.56802e-45
5.82125e-43
8.64979e-41
1.17258e-38
1.45209e-36
1.64419e-34
1.70315e-32
1.61427e-30
1.39975e-28
1.10982e-26
8.03881e-25
5.31276e-23
3.19815e-21
1.74982e-19
8.67827e-18
3.88857e-16
1.56792e-14
5.66131e-13
1.81968e-11
5.16892e-10
1.28596e-08
 2.7706e-07
5.09525e-06
  7.848e-05
0.000986616
 0.00975788
  0.0717832
   0.357388
          1
          1
          1
          1
          1
          1
          1
          1
          1
          1
          1
          1
          1
          1
          1
          1
          1
          1
          1
   0.999995
   0.999922
   0.999013
   0.990242
   0.928217
   0.642612
          0
          0
          0
          0
          0
          0
          0
          0
          0
          0
          0
          0
          0
          0
          0
          0
          0
          0
          0
          0
          0
          0
          0
          0
          0
          0
          0
          0
          0
          0
          0
      1e-90
  4.456e-87
9.70745e-84
1.37783e-80
1.43262e-77
1.16331e-74
7.68005e-72
4.23736e-69
1.99324e-66
8.11519e-64
2.89326e-61
9.11715e-59
2.55836e-56
6.43203e-54
1.45612e-51
2.98062e-49
5.53556e-47
 9.3536e-45
1.44128e-42
2.02891e-40
2.61295e-38
3.08176e-36
 3.3309e-34
3.30039e-32
2.99788e-30
2.49557e-28
 1.9026e-26
1.32712e-24
8.45778e-23
4.91599e-21
2.60015e-19
1.24801e-17
5.41761e-16
2.11837e-14
7.42438e-13
2.31837e-11
6.40319e-10
1.55016e-08
3.25242e-07
 5.8291e-06
8.75613e-05
 0.00107433
  0.0103781
  0.0746393
   0.363815
          1
          1
          1
          1
          1
          1
          1
          1
          1
          1
          1
          1
          1
          1
          1
          1
          1
          1
          1
   0.999994
   0.999912
   0.998926
   0.989622
   0.925361
   0.636185
          0
          0
          0
          0
          0
          0
          0
          0
          0
          0
          0
          0
          0
          0
          0
          0
          0
          0
          0
          0
          0
          0
          0
          0
          0
          0
          0
          0
          0
          0
      1e-92
  4.555e-89
1.01486e-85
1.47393e-82
1.56902e-79
1.30514e-76
8.83173e-74
4.99768e-71
2.41274e-68
1.00885e-65
3.69667e-63
1.19815e-60
3.46096e-58
8.96481e-56
2.09289e-53
4.42218e-51
8.48637e-49
1.48338e-46
2.36729e-44
3.45578e-42
4.62157e-40
5.66858e-38
6.38185e-36
6.59799e-34
6.26527e-32
5.46348e-30
4.37322e-28
3.21069e-26
2.15963e-24
1.32892e-22
7.46698e-21
3.82215e-19
1.77729e-17
 7.4818e-16
2.83962e-14
9.66851e-13
2.93551e-11
7.88932e-10
 1.8599e-08
3.80281e-07
6.64642e-06
 9.7429e-05
 0.00116737
  0.0110207
   0.077531
   0.370176
          1
          1
          1
          1
          1
          1
          1
          1
          1
          1
          1
          1
          1
          1
          1
          1
          1
          1
          1
   0.999993
   0.999903
   0.998833
   0.988979
   0.922469
   0.629824
          0
          0
          0
          0
          0
          0
          0
          0
          0
          0
          0
          0
          0
          0
          0
          0
          0
          0
          0
          0
          0
          0
          0
          0
          0
          0
          0
          0
          0
      1e-94
  4.654e-91
1.05995e-87
 1.5744e-84
1.71494e-81
1.46048e-78
1.01238e-75
5.87202e-73
2.90751e-70
1.24771e-67
4.69543e-65
1.56412e-62
4.64713e-60
1.23912e-57
2.98041e-55
6.49414e-53
1.28643e-50
2.32353e-48
3.83584e-46
 5.7994e-44
8.04279e-42
1.02439e-39
1.19937e-37
 1.2916e-35
1.27973e-33
1.16661e-31
9.78206e-30
7.54018e-28
5.33821e-26
3.46695e-24
2.06233e-22
1.12145e-20
5.56121e-19
2.50769e-17
1.02466e-15
3.77808e-14
1.25073e-12
3.69509e-11
9.67033e-10
2.22158e-08
4.42942e-07
7.55424e-06
0.000108128
  0.0012659
  0.0116858
  0.0804575
   0.376475
          1
          1
          1
          1
          1
          1
          1
          1
          1
          1
          1
          1
          1
          1
          1
          1
          1
          1
          1
   0.999992
   0.999892
   0.998734
   0.988314
   0.919543
   0.623525
          0
          0
          0
          0
          0
          0
          0
          0
          0
          0
          0
          0
          0
          0
          0
          0
          0
          0
          0
          0
          0
          0
          0
          0
          0
          0
          0
          0
      1e-96
  4.753e-93
1.10603e-89
1.67934e-86
1.87081e-83
1.63025e-80
1.15697e-77
6.87428e-75
3.48884e-72
1.53555e-69
5.93066e-67
2.02897e-64
 6.1956e-62
1.69918e-59
4.20713e-57
9.44475e-55
1.92935e-52
 3.5971e-50
6.13613e-48
9.59687e-46
1.37842e-43
1.82063e-41
2.21352e-39
2.47898e-37
2.55841e-35
2.43354e-33
2.13315e-31
1.72244e-29
 1.2803e-27
8.75178e-26
5.49461e-24
3.16315e-22
1.66635e-20
 8.0133e-19
3.50728e-17
1.39222e-15
4.99103e-14
1.60773e-12
4.62517e-11
1.17952e-09
2.64231e-08
5.14055e-07
8.55999e-06
0.000119706
  0.0013701
  0.0123736
  0.0834177
    0.38271
          1
          1
          1
          1
          1
          1
          1
          1
          1
          1
          1
          1
          1
          1
          1
          1
          1
          1
   0.999999
   0.999991
    0.99988
    0.99863
   0.987626
   0.916582
    0.61729
          0
          0
          0
          0
          0
          0
          0
          0
          0
          0
          0
          0
          0
          0
          0
          0
          0
          0
          0
          0
          0
          0
          0
          0
          0
          0
          0
      1e-98
  4.852e-95
1.15308e-91
1.78883e-88
2.03706e-85
1.81546e-82
1.31836e-79
8.01968e-77
 4.1694e-74
1.88095e-71
7.45086e-69
 2.6161e-66
8.20428e-64
2.31255e-61
5.88932e-59
1.36098e-56
2.86438e-54
5.50716e-52
9.69726e-50
1.56716e-47
2.32851e-45
3.18527e-43
4.01595e-41
4.67037e-39
5.01261e-37
4.96637e-35
4.54235e-33
3.83426e-31
2.98552e-29
2.14267e-27
1.41589e-25
8.60281e-24
4.79787e-22
2.45102e-20
1.14404e-18
4.86443e-17
 1.8774e-15
6.54886e-14
2.05417e-12
5.75844e-11
1.43196e-09
3.12994e-08
5.94515e-07
9.67145e-06
 0.00013221
 0.00148013
   0.013084
  0.0864106
   0.388883
          1
          1
          1
          1
          1
          1
          1
          1
          1
          1
          1
          1
          1
          1
          1
          1
          1
          1
   0.999999
    0.99999
   0.999868
    0.99852
   0.986916
   0.913589
   0.611117
          0
          0
          0
          0
          0
          0
          0
          0
          0
          0
          0
          0
          0
